ndcsch=31;
dcsch=[
  1.00000E-01  1.00000E+02  5.00000E-02  1.20000E+02
  1.25890E-01  1.00000E+02  5.00000E-02  1.20000E+02
  1.58480E-01  1.00000E+02  5.00000E-02  1.19999E+02
  1.99520E-01  1.00000E+02  5.00000E-02  1.19999E+02
  2.51180E-01  1.00000E+02  5.00000E-02  1.19998E+02
  3.16220E-01  1.00000E+02  5.00000E-02  1.19996E+02
  3.98100E-01  1.01000E+02  5.00000E-02  1.19992E+02
  5.01180E-01  1.01000E+02  5.00000E-02  1.19983E+02
  6.30950E-01  1.01000E+02  5.00000E-02  1.19966E+02
  7.94320E-01  1.01000E+02  5.00000E-02  1.19933E+02
  1.00000E+00  1.00000E+02  5.00000E-02  1.19867E+02
  1.25890E+00  1.00000E+02  5.00000E-02  1.19738E+02
  1.58480E+00  1.00000E+02  5.00000E-02  1.19484E+02
  1.99520E+00  1.00000E+02  5.00000E-02  1.18994E+02
  2.51180E+00  1.00000E+02  5.00000E-02  1.18061E+02
  3.16220E+00  1.00000E+02  5.00000E-02  1.16334E+02
  3.98100E+00  1.01000E+02  5.00000E-02  1.13262E+02
  5.01180E+00  1.01000E+02  5.00000E-02  1.08102E+02
  6.30950E+00  1.01000E+02  5.00000E-02  1.00112E+02
  7.94320E+00  1.01000E+02  5.00000E-02  8.90030E+01
  1.00000E+01  1.01000E+02  5.00000E-02  7.55160E+01
  1.25890E+01  1.01000E+02  5.00000E-02  6.15643E+01
  1.58480E+01  1.01000E+02  5.00000E-02  4.94862E+01
  1.99520E+01  1.01000E+02  5.00000E-02  4.08133E+01
  2.51180E+01  1.01000E+02  5.00000E-02  3.56186E+01
  3.16220E+01  1.00000E+02  5.00000E-02  3.29219E+01
  3.98100E+01  1.00000E+02  5.00000E-02  3.16038E+01
  5.01180E+01  1.00000E+02  5.00000E-02  3.09337E+01
  6.30950E+01  1.00000E+02  5.00000E-02  3.05640E+01
  7.94320E+01  1.00000E+02  5.00000E-02  3.03472E+01
  1.00000E+02  1.00000E+02  5.00000E-02  3.02159E+01
];
